-7.191383e-01
7.191383e-01
-7.191383e-01
7.191383e-01
-7.191383e-01
7.191383e-01
-7.191383e-01
7.191383e-01
-7.191383e-01
7.191383e-01
-7.191383e-01
7.191383e-01
-7.191383e-01
7.191383e-01
-7.191383e-01
7.191383e-01
-7.191383e-01
7.191383e-01
-7.191383e-01
7.191383e-01
-7.191383e-01
7.191383e-01
-7.191383e-01
7.191383e-01
-7.191383e-01
7.191383e-01
-7.191383e-01
7.191383e-01
-7.191383e-01
7.191383e-01
-7.191383e-01
7.191383e-01
-7.191383e-01
7.191383e-01
-7.191383e-01
7.191383e-01
-7.191383e-01
7.191383e-01
-7.191383e-01
7.191383e-01
-7.191383e-01
7.191383e-01
-7.191383e-01
7.191383e-01
-7.191383e-01
7.191383e-01
-7.191383e-01
7.191383e-01
-7.191383e-01
7.191383e-01
-7.191383e-01
7.191383e-01
-7.191383e-01
7.191383e-01
-7.191383e-01
7.191383e-01
